,0,1,2,3,4,5,6,7,8,9,10,11,12,13,14,15,16,17,18,19
0,-353.321,-129.953,-268.653,-178.19,-108.117,-224.315,-393.172,-334.606,-315.666,-430.084,-431.648,-231.557,-364.079,-258.293,-382.355,-277.257,-187.514,-387.034,-40.471,-305.955
1,-309.143,-323.245,-363.162,-197.128,-392.64,-334.516,-347.161,-376.303,-328.672,-225.059,-316.39,-365.659,-396.073,-230.075,-281.793,-394.165,-399.753,-396.088,-376.597,-196.618
2,-390.575,-351.188,-334.736,-322.43,-368.707,-371.24,-324.093,-363.505,-342.581,-389.593,-320.771,-418.229,-368.627,-394.313,-404.876,-390.835,-382.349,-345.736,-457.712,-385.221
3,-407.801,-322.058,-391.625,-387.574,-392.192,-325.647,-383.779,-374.198,-419.77,-360.528,-400.359,-377.293,-371.044,-439.728,-412.04,-460.276,-371.382,-361.56,-397.401,-331.992
4,-392.28,-445.974,-427.304,-461.951,-359.934,-340.302,-431.725,-420.52,-316.068,-402.996,-418.135,-358.548,-357.099,-456.911,-399.11,-339.19,-383.042,-414.283,-343.092,-374.347
5,-354.216,-420.061,-447.941,-407.952,-415.97,-426.356,-430.864,-384.243,-417.948,-477.31,-394.626,-465.528,-458.354,-393.769,-402.687,-314.581,-307.34,-398.765,-467.185,-447.881
6,-290.296,-465.296,-379.258,-369.727,-457.011,-328.467,-265.114,-352.392,-366.11,-360.699,-410.855,-379.795,-437.957,-402.691,-431.499,-337.163,-331.82,-401.348,-346.625,-284.057
7,-378.1,-344.973,-401.97,-395.47,-340.942,-387.159,-440.615,-442.149,-394.857,-409.57,-434.209,-372.67,-370.653,-398.734,-414.704,-341.217,-446.33,-410.809,-448.631,-355.306
8,-361.295,-459.747,-383.21,-404.805,-406.756,-387.902,-397.092,-283.274,-464.671,-416.963,-310.162,-437.682,-429.561,-461.642,-410.465,-501.481,-396.76,-483.669,-492.395,-389.034
9,-382.267,-423.972,-397.474,-434.377,-408.021,-415.047,-372.471,-413.507,-421.532,-342.361,-392.038,-302.041,-397.256,-437.854,-442.28,-290.032,-400.574,-299.568,-403.1,-412.912
10,-406.657,-431.162,-454.195,-452.513,-422.561,-454.357,-475.923,-420.022,-437.184,-304.39,-322.295,-379.03,-433.487,-414.096,-465.947,-450.946,-391.657,-366.677,-335.647,-411.374
11,-474.443,-478.506,-388.585,-437.46,-436.551,-397.838,-417.57,-430.151,-319.04,-383.704,-444.751,-360.284,-473.866,-438.531,-483.384,-442.491,-373.56,-370.683,-475.913,-528.645
12,-444.829,-396.24,-425.973,-462.717,-329.512,-505.47,-423.146,-437.994,-416.008,-489.054,-449.043,-413.528,-450.287,-326.456,-392.994,-442.336,-485.008,-405.528,-450.717,-432.055
13,-430.263,-456.026,-507.203,-402.116,-496.36,-457.905,-429.799,-373.322,-530.545,-356.14,-390.774,-420.594,-344.276,-423.712,-459.193,-312.184,-430.22,-344.909,-449.544,-393.847
14,-403.591,-423.399,-387.955,-385.654,-484.278,-341.162,-459.064,-387.477,-439.788,-514.127,-422.378,-448.987,-340.61,-457.214,-450.706,-291.334,-482.926,-410.918,-385.111,-417.718
15,-314.814,-448.713,-444.326,-429.65,-451.691,-319.675,-520.645,-458.247,-438.4,-360.549,-447.731,-424.976,-459.32,-422.963,-408.235,-372.531,-364.732,-335.64,-456.761,-429.585
16,-364.235,-462.818,-452.155,-365.765,-347.275,-467.161,-429.143,-463.984,-395.055,-460.292,-373.8,-498.661,-355.44,-290.62,-431.138,-352.779,-376.986,-475.946,-493.248,-430.473
17,-286.476,-446.304,-409.803,-406.097,-355.091,-394.611,-461.825,-441.025,-450.142,-422.491,-455.061,-463.716,-410.97,-399.31,-464.062,-428.122,-379.126,-476.115,-457.231,-410.583
18,-450.163,-494.883,-425.084,-447.712,-452.17,-441.98,-509.137,-428.183,-402.618,-495.126,-461.847,-504.334,-409.554,-295.262,-372.503,-440.146,-426.173,-482.3,-405.502,-520.082
19,-426.072,-427.32,-341.417,-369.3,-328.363,-397.31,-468.23,-351.797,-430.043,-420.336,-437.119,-497.071,-485.542,-444.2,-463.685,-395.698,-458.439,-437.464,-414.703,-452.774
