,0,1,2,3,4,5,6,7,8,9,10,11,12,13,14,15,16,17,18,19
0,-330.767,-431.609,-296.586,-224.188,-56.468,-256.887,-391.945,-250.222,-185.544,-206.63,-396.409,-262.346,-359.852,-327.389,-157.759,-234.45,-275.23,-180.456,-448.118,-80.559
1,-379.64,-324.469,-257.636,-213.313,-307.957,-300.837,-183.906,-312.471,-196.511,-238.897,-369.351,-256.606,-97.655,-298.364,-317.172,-195.202,-212.941,-180.329,-403.03,-132.844
2,-227.532,-448.097,-383.91,-239.738,-293.299,-236.997,-272.885,-238.617,-410.883,-258.701,-375.354,-292.69,-357.211,-338.175,-175.572,-225.815,-305.481,-165.787,-370.829,-126.255
3,-457.266,-370.36,-501.364,-252.023,-279.731,-218.735,-328.287,-464.624,-436.897,-259.717,-371.928,-274.719,-444.755,-329.307,-177.304,-273.802,-244.661,-170.744,-429.279,-369.734
4,-429.351,-393.62,-463.894,-173.661,-393.334,-267.984,-362.971,-497.652,-178.186,-395.953,-183.016,-290.057,-354.905,-334.533,-361.912,-310.913,-278.68,-134.31,-430.244,-448.418
5,-414.79,-382.598,-422.359,-389.575,-277.837,-262.36,-192.469,-399.156,-364.524,-379.624,-443.148,-298.752,-418.819,-229.927,-308.47,-240.724,-280.154,-174.262,-482.995,-491.599
6,-311.036,-408.71,-332.028,-419.101,-367.199,-243.218,-359.196,-466.743,-343.6,-369.162,-334.05,-346.653,-300.514,-193.386,-349.285,-312.396,-325.932,-129.58,-425.81,-394.094
7,-410.036,-415.877,-312.04,-432.614,-292.45,-211.944,-440.696,-362.288,-423.604,-431.05,-395.013,-299.629,-274.426,-374.173,-295.327,-422.831,-276.079,-148.422,-366.917,-395.036
8,-438.822,-370.262,-368.832,-409.586,-356.75,-383.106,-393.523,-341.0,-416.574,-282.197,-429.336,-366.339,-493.51,-213.005,-322.064,-364.568,-243.001,-363.493,-263.198,-179.66
9,-494.629,-379.123,-331.414,-411.393,-344.757,-359.002,-434.287,-467.935,-448.164,-321.581,-390.871,-382.423,-428.29,-257.359,-293.828,-423.133,-307.591,-504.386,-425.688,-389.292
10,-396.213,-346.3,-359.636,-431.882,-266.943,-439.759,-370.21,-347.726,-293.513,-391.018,-379.131,-368.937,-390.866,-333.378,-309.006,-351.562,-305.428,-300.306,-391.788,-392.625
11,-366.877,-417.084,-387.59,-347.812,-397.136,-272.348,-384.815,-416.121,-439.467,-388.715,-343.097,-406.805,-372.824,-348.572,-323.903,-299.926,-340.216,-480.393,-402.679,-295.022
12,-442.793,-439.666,-309.87,-350.655,-435.587,-434.746,-394.632,-381.006,-453.905,-330.36,-321.476,-421.937,-370.151,-391.066,-263.17,-388.953,-395.902,-354.016,-344.806,-412.687
13,-370.828,-301.761,-358.322,-400.948,-476.924,-366.635,-426.956,-434.188,-388.77,-373.027,-419.336,-344.38,-411.53,-357.611,-244.432,-368.469,-381.757,-466.349,-411.471,-444.437
14,-420.488,-274.183,-365.921,-397.957,-455.998,-402.523,-525.839,-434.618,-460.025,-360.489,-427.015,-336.717,-363.544,-407.901,-360.426,-356.694,-432.893,-500.686,-410.226,-456.684
15,-356.063,-423.581,-431.235,-391.965,-402.569,-445.183,-540.699,-369.534,-419.005,-387.749,-397.463,-381.234,-351.708,-454.002,-404.803,-353.362,-335.744,-455.915,-429.283,-312.233
16,-486.37,-381.337,-433.675,-388.288,-500.666,-323.111,-396.531,-427.347,-457.155,-351.305,-444.54,-313.237,-308.943,-469.359,-368.24,-226.291,-359.44,-470.94,-444.256,-470.909
17,-420.09,-399.339,-339.236,-367.103,-47.389,-425.94,-401.101,-396.521,-469.894,-357.195,-376.928,-393.706,-445.587,-467.384,-334.568,-399.416,-423.084,-385.653,-428.48,-299.646
18,-407.274,-358.435,-380.266,-430.787,-453.485,-359.308,-369.542,-503.375,-349.959,-343.804,-385.448,-419.418,-400.466,-466.463,-453.181,-345.067,-519.04,-382.579,-364.881,-458.302
19,-438.262,-419.122,-425.774,-382.746,-319.962,-426.246,-499.819,-405.733,-336.255,-282.896,-414.876,-340.275,-394.061,-486.184,-435.127,-408.725,-419.601,-465.395,-419.217,-475.799
